{
 "templeR0032": [
  [
   1.0,
   0.0,
   0.0,
   0.0
  ],
  [
   0.0,
   1.0,
   0.0,
   0.0
  ],
  [
   0.0,
   0.0,
   1.0,
   0.0
  ]
 ],
 "templeR0047": [
  [
   0.9999209260556869,
   -0.003938923868437638,
   -0.011942634328150965,
   0.2327893659499346
  ],
  [
   0.0033627388936073588,
   0.9988470485897072,
   -0.047888051858111416,
   0.9711977691884102
  ],
  [
   0.012117492441536967,
   0.0478441052000181,
   0.998781311386301,
   0.05083310165712185
  ]
 ],
 "templeR0033": [
  [
   0.999874732576895,
   0.009663652321357533,
   -0.012535269366656318,
   0.24657720615191162
  ],
  [
   -0.008566563394656179,
   0.9963611232839434,
   0.08480050707374223,
   -1.723049699738972
  ],
  [
   0.013309137683863968,
   -0.08468250015304454,
   0.9963190959837824,
   0.06393897497232494
  ]
 ],
 "templeR0034": [
  [
   0.9997421407427164,
   0.02029225167492655,
   0.010191984356935748,
   -0.18937730965375413
  ],
  [
   -0.022002691752300088,
   0.9766312489352696,
   0.2137926218530208,
   -4.346541469005677
  ],
  [
   -0.0056154767227589945,
   -0.213961744536487,
   0.9768258996853427,
   0.3418070968521406
  ]
 ],
 "templeR0035": [
  [
   0.999309821797235,
   0.03691880792124162,
   0.004108732317011771,
   -0.07193738193270095
  ],
  [
   -0.03621032840231651,
   0.9434631740138448,
   0.3294936287649854,
   -6.708097081531236
  ],
  [
   0.008288074358666206,
   -0.3294149979909781,
   0.9441488584550792,
   0.995630767458139
  ]
 ],
 "templeR0036": [
  [
   0.9984469250848038,
   0.05559234691701845,
   0.003637135268033295,
   -0.06306090168946796
  ],
  [
   -0.05140085140710303,
   0.894052655578733,
   0.4450031477722831,
   -9.065200582596942
  ],
  [
   0.021486978925037738,
   -0.4444989763957544,
   0.8955216187897429,
   1.9691197346433367
  ]
 ],
 "templeR0046": [
  [
   0.9994772299661662,
   -0.018653112616566443,
   -0.02640697197470871,
   0.5098745237833702
  ],
  [
   0.013287058030166754,
   0.9816024140479146,
   -0.19047350163266616,
   3.851700059586305
  ],
  [
   0.029474071114495577,
   0.19002305682474427,
   0.981337106710491,
   0.4235549818020571
  ]
 ],
 "templeR0045": [
  [
   0.9990418295930521,
   -0.03448731033939345,
   -0.026945280642841754,
   0.5173434195055674
  ],
  [
   0.023863489272990243,
   0.945351678422629,
   -0.3251780096858275,
   6.570528087678439
  ],
  [
   0.03668728121686066,
   0.32422342532437814,
   0.9452688579805443,
   1.1765688923339832
  ]
 ],
 "templeR0044": [
  [
   0.998613310754035,
   -0.04832669039863795,
   -0.020880291664131745,
   0.38925728722109143
  ],
  [
   0.03367199681438089,
   0.8912217704515635,
   -0.4523162085352603,
   9.134135197424307
  ],
  [
   0.040467915876621796,
   0.4509859053987108,
   0.891613178971861,
   2.276454755667913
  ]
 ],
 "templeR0037": [
  [
   0.9978620565168078,
   0.060206192777008845,
   0.02542696433600934,
   -0.49359211074977744
  ],
  [
   -0.06405827833899314,
   0.8238754655671782,
   0.5631391961253536,
   -11.469289154155613
  ],
  [
   0.012955814921923102,
   -0.563564043909619,
   0.8259707714392477,
   3.3061901414860824
  ]
 ],
 "templeR0038": [
  [
   0.9965820212533738,
   0.07719275062979573,
   0.029420301914599125,
   -0.5751369113764171
  ],
  [
   -0.07714149794527105,
   0.7421903465475962,
   0.6657346909890747,
   -13.568253708834765
  ],
  [
   0.029554427913592533,
   -0.6657287501240765,
   0.7456083201312437,
   4.926202753893892
  ]
 ],
 "templeR0043": [
  [
   0.9978097928004659,
   -0.06451268512330674,
   -0.014619536575152265,
   0.26032040871327233
  ],
  [
   0.04495661120022439,
   0.8234973098339019,
   -0.565536103008215,
   11.413718840480474
  ],
  [
   0.04852340157988716,
   0.5636402169420734,
   0.8245939517996779,
   3.6874704850796616
  ]
 ],
 "templeR0039": [
  [
   0.9954360647047042,
   0.08575489950053121,
   0.041870494347042354,
   -0.8266476700313938
  ],
  [
   -0.08752282726600806,
   0.6455047489003799,
   0.7587248340830962,
   -15.474334765415334
  ],
  [
   0.0380367689555308,
   -0.7589266870776855,
   0.6500642182497912,
   6.823123584081449
  ]
 ],
 "templeR0042": [
  [
   0.9970569092999408,
   -0.07660613227657499,
   -0.0030033506078260136,
   0.02110635677945522
  ],
  [
   0.05519005819224042,
   0.7444075203676181,
   -0.6654408321532962,
   13.422775953180633
  ],
  [
   0.05321256518893588,
   0.6633166243339285,
   0.7464445584155968,
   5.281386938852334
  ]
 ],
 "templeR0013": [
  [
   -0.995440861378229,
   0.09505814050586588,
   0.007838457892767818,
   0.22043352669237584
  ],
  [
   -0.06246645102886984,
   -0.7118296057099631,
   0.6995688350195828,
   -14.534545192962065
  ],
  [
   0.07207935900399948,
   0.6958897630791572,
   0.7145222205412557,
   5.944477261127508
  ]
 ],
 "templeR0014": [
  [
   -0.9942791992837098,
   0.10652837437277085,
   -0.007783272142217364,
   0.5387274208480831
  ],
  [
   -0.07215036136736008,
   -0.6161060947244447,
   0.7843517102664805,
   -16.23771284195773
  ],
  [
   0.07876039122747164,
   0.780426156338246,
   0.6202675352433072,
   7.8657636119537555
  ]
 ],
 "templeR0015": [
  [
   -0.9927725767356449,
   0.1172530574631977,
   -0.02557990221248097,
   0.9075725788438128
  ],
  [
   -0.0823293239254449,
   -0.5103242279398581,
   0.8560321634141831,
   -17.67457795839269
  ],
  [
   0.08731834459978725,
   0.8519512326965198,
   0.5162892636916177,
   10.055696767589781
  ]
 ],
 "templeR0016": [
  [
   -0.9912360922124936,
   0.12391288962881272,
   -0.0457887025273974,
   1.3153285135947137
  ],
  [
   -0.09135432032075069,
   -0.39261404932914523,
   0.915154957604506,
   -18.853726241657352
  ],
  [
   0.09542220734209877,
   0.9113176197425402,
   0.4004931938157654,
   12.431544539450849
  ]
 ],
 "templeR0017": [
  [
   -0.9889234536688306,
   0.13484744135179527,
   -0.062020725121417694,
   1.653152156897433
  ],
  [
   -0.09734041558585152,
   -0.2737707410353021,
   0.956856533053182,
   -19.684371489044008
  ],
  [
   0.11205019534693385,
   0.9522949904907909,
   0.283864412719978,
   14.805061924326052
  ]
 ],
 "templeR0018": [
  [
   -0.9891551642356987,
   0.12417102420672727,
   -0.07844499865064901,
   1.9711467760758787
  ],
  [
   -0.09974671052711742,
   -0.17588953165228716,
   0.9793433853323147,
   -20.150812939311898
  ],
  [
   0.1078084171336701,
   0.9765471977342374,
   0.1863676897762626,
   16.79828032559379
  ]
 ],
 "templeR0019": [
  [
   -0.9860931179045794,
   0.14201290480347908,
   -0.08632900839522692,
   2.1451982577220687
  ],
  [
   -0.10364125228175226,
   -0.11940323723140245,
   0.9874215704369294,
   -20.383490105038593
  ],
  [
   0.12991864241399442,
   0.9826368616167112,
   0.13246110578341586,
   17.83166372894841
  ]
 ],
 "templeR0020": [
  [
   -0.9868362507901327,
   0.12057990600327019,
   -0.1077715194043259,
   2.5609333004058947
  ],
  [
   -0.11241910290224742,
   -0.032409032208902566,
   0.9931322167435392,
   -20.546984588127817
  ],
  [
   0.11625901870017814,
   0.9921744508399342,
   0.04553789269769504,
   19.676243366524268
  ]
 ],
 "templeR0021": [
  [
   -0.9822264485105122,
   0.13535012551667946,
   -0.1300444053738761,
   3.0289805071171463
  ],
  [
   -0.12401400657887916,
   0.052106694126260567,
   0.990911408047907,
   -20.547277644047547
  ],
  [
   0.14089616750884185,
   0.9894267208590292,
   -0.034395261758983,
   21.352225042539942
  ]
 ],
 "templeR0022": [
  [
   -0.9810806856720327,
   0.1233604232459944,
   -0.14920755402412925,
   3.4164859563269037
  ],
  [
   -0.1331447784905617,
   0.12957240441556894,
   0.9825901790546594,
   -20.423506269706838
  ],
  [
   0.14054592189741252,
   0.9838664533312118,
   -0.11069618714061025,
   23.002482510779057
  ]
 ],
 "templeR0023": [
  [
   -0.9804553229696907,
   0.10457588915685552,
   -0.1666470613825891,
   3.7568843385449457
  ],
  [
   -0.14145033123351097,
   0.21404068104742513,
   0.966529042838695,
   -20.126499165388356
  ],
  [
   0.13674488456366252,
   0.9712108268876574,
   -0.1950650309047297,
   24.76663372584462
  ]
 ],
 "templeR0024": [
  [
   -0.977145155953294,
   0.10077395665186628,
   -0.18716825013270938,
   4.1796617882371585
  ],
  [
   -0.14820442541273135,
   0.3082458893910406,
   0.9396913961304575,
   -19.588489794878356
  ],
  [
   0.1523902637477042,
   0.945954058786289,
   -0.2862658313188128,
   26.659898416808126
  ]
 ],
 "templeR0025": [
  [
   -0.9738124053728902,
   0.09202959324748286,
   -0.20789409108622756,
   4.604498126933379
  ],
  [
   -0.1548780641982638,
   0.400889413280864,
   0.9029399002976467,
   -18.841766020044126
  ],
  [
   0.16643973195143127,
   0.9114923106017013,
   -0.37613771858444034,
   28.54997779494761
  ]
 ],
 "templeR0026": [
  [
   -0.9705145308746536,
   0.08226206063368977,
   -0.22657117809079383,
   4.990344880848852
  ],
  [
   -0.15909770068829107,
   0.4875152413181808,
   0.8584968323285618,
   -17.934563376400895
  ],
  [
   0.18107862103752062,
   0.869230603961213,
   -0.460052921021457,
   30.314400100636355
  ]
 ],
 "templeR0027": [
  [
   -0.9668057876985289,
   0.06951623282267477,
   -0.24587407802932526,
   5.401190066507192
  ],
  [
   -0.1634764977426617,
   0.5712624907977564,
   0.8043224485822447,
   -16.829180363120166
  ],
  [
   0.19637210483778134,
   0.8178182316271065,
   -0.5409356121202337,
   32.12991611397182
  ]
 ],
 "templeR0028": [
  [
   -0.9616617312585667,
   0.060410904779688045,
   -0.2675018452580759,
   5.8504971770458
  ],
  [
   -0.16733311338499643,
   0.6435461129595794,
   0.7468922476900537,
   -15.658262653086426
  ],
  [
   0.2172702091812406,
   0.7630196085804848,
   -0.6087649243542401,
   33.53989168755076
  ]
 ],
 "templeR0029": [
  [
   -0.9574236173998117,
   0.044808174729362785,
   -0.28518808587050376,
   6.218539798170955
  ],
  [
   -0.17092593398805606,
   0.7081254434157354,
   0.6850858935035663,
   -14.401744112984595
  ],
  [
   0.23264638818466457,
   0.7046634543274485,
   -0.6703171444920222,
   34.799430106845314
  ]
 ],
 "templeR0001": [
  [
   -0.9522860793088563,
   0.030331323861063658,
   -0.3036959564225409,
   6.600704679915901
  ],
  [
   -0.17344303844181228,
   0.7649809002622803,
   0.6202594091587672,
   -13.084026313466412
  ],
  [
   0.2511348951671961,
   0.6433383503466479,
   -0.7232199052865008,
   35.928104511448126
  ]
 ],
 "templeR0030": [
  [
   -0.9522985981798354,
   0.030351137775759512,
   -0.3036547189497263,
   6.600581531622856
  ],
  [
   -0.1736055904176482,
   0.7644580768241678,
   0.6208582348282371,
   -13.09752648099379
  ],
  [
   0.2509750562913776,
   0.6439585834617095,
   -0.7227232277334998,
   35.89579934962157
  ]
 ],
 "templeR0031": [
  [
   -0.9509399912341105,
   0.024475559009513037,
   -0.30840570695569425,
   6.697924130125106
  ],
  [
   -0.17952853462089297,
   0.7681984131483293,
   0.614524778420906,
   -12.995224015950209
  ],
  [
   0.25195761216630175,
   0.6397438120431964,
   -0.7261165310223248,
   35.86611882000815
  ]
 ],
 "templeR0002": [
  [
   -0.95002285219466,
   0.020731032040516045,
   -0.31149125929704424,
   6.764018650096989
  ],
  [
   -0.18341529196930398,
   0.7703499326974546,
   0.6106716072201509,
   -12.93109569804553
  ],
  [
   0.25261712329083774,
   0.6372842423154385,
   -0.7280476519546638,
   36.00067923333115
  ]
 ],
 "templeR0003": [
  [
   -0.9467628888405862,
   0.008853766366064372,
   -0.32180994878244956,
   6.985126043951715
  ],
  [
   -0.1972606124658653,
   0.7740307672071051,
   0.601634957583394,
   -12.795096658901713
  ],
  [
   0.25441753690305896,
   0.6330860780635724,
   -0.7310771058364944,
   36.082337388363015
  ]
 ],
 "templeR0004": [
  [
   -0.9437801403696463,
   -0.004834557602279396,
   -0.33053846023820127,
   7.174597045635917
  ],
  [
   -0.21157916937343324,
   0.777096805587851,
   0.5927518956801456,
   -12.665361394676385
  ],
  [
   0.253994688391507,
   0.6293625201725541,
   -0.7344314239402838,
   36.35727703290722
  ]
 ],
 "templeR0005": [
  [
   -0.9387230009404423,
   -0.021232833501147408,
   -0.3440178691389202,
   7.454597607363614
  ],
  [
   -0.23117545052663818,
   0.7790964410892678,
   0.5827234734896506,
   -12.500946884306554
  ],
  [
   0.25565022702743,
   0.626544413640047,
   -0.7362642590519204,
   36.33857569805609
  ]
 ],
 "templeR0012": [
  [
   -0.9919731925362391,
   -0.11617130945249214,
   -0.04993407803849741,
   1.3269456274063125
  ],
  [
   0.098914084243146,
   -0.46689586614328427,
   -0.878762911209077,
   17.523819622460262
  ],
  [
   0.07877302347759196,
   -0.8766484341162116,
   0.4746391616099467,
   10.3028516296174
  ]
 ],
 "templeR0011": [
  [
   -0.9904199983387791,
   -0.11961581711360984,
   -0.06899480550632996,
   1.7039454413446806
  ],
  [
   0.10694544764756257,
   -0.3483687384953438,
   -0.9312367546798317,
   18.616298002736542
  ],
  [
   0.08735501198028257,
   -0.9296941853832399,
   0.35782373250878463,
   12.64433872311653
  ]
 ],
 "templeR0010": [
  [
   -0.9881928027217222,
   -0.1274687299447475,
   -0.08501004373167034,
   2.0320920187818614
  ],
  [
   0.11210426002725003,
   -0.22332941639447446,
   -0.9682750676624107,
   19.395140738263002
  ],
  [
   0.10443954965782928,
   -0.9663724409663058,
   0.23498230956413146,
   15.126509652255807
  ]
 ],
 "templeR0009": [
  [
   -0.9864157590851647,
   -0.12790405609394695,
   -0.1030752281741594,
   2.3954456780996987
  ],
  [
   0.11551182140296545,
   -0.09394862777716595,
   -0.988853211783709,
   19.839510977125805
  ],
  [
   0.11679456042388259,
   -0.9873267988733538,
   0.10744683746806127,
   17.706808464023194
  ]
 ],
 "templeR0008": [
  [
   -0.9842218037802504,
   -0.1287233701106059,
   -0.12139907310568075,
   2.769224579492128
  ],
  [
   0.1173408444993403,
   0.03868369261306848,
   -0.9923379959157056,
   19.93691737301491
  ],
  [
   0.13243325555060587,
   -0.9909257620594921,
   -0.022968824764935336,
   20.385318320149377
  ]
 ],
 "templeR0007": [
  [
   -0.9826631885583216,
   -0.1258273464408026,
   -0.13616363956673178,
   3.0676505316510823
  ],
  [
   0.11469736164903863,
   0.16443348699301463,
   -0.9796969651816159,
   19.70815711651107
  ],
  [
   0.14566253150052777,
   -0.9783297538371123,
   -0.14715066997425896,
   22.870913616154123
  ]
 ],
 "templeR0006": [
  [
   -0.9815940039071107,
   -0.11879462357513089,
   -0.149536112371728,
   3.3358676270999923
  ],
  [
   0.11023402911750994,
   0.28696636559785904,
   -0.9515769878680733,
   19.1647108830262
  ],
  [
   0.15595406476949256,
   -0.9505462337125945,
   -0.2685892537996899,
   25.33445070596252
  ]
 ],
 "templeR0040": [
  [
   0.9826354820825953,
   0.10231489611783792,
   0.1547875039681892,
   -3.117185593630767
  ],
  [
   -0.11388181735907713,
   -0.3260438793506805,
   0.9384702021976792,
   -19.33405810615492
  ],
  [
   0.14648699951633914,
   -0.9398016018130397,
   -0.30873047825303085,
   26.17124830284911
  ]
 ],
 "templeR0041": [
  [
   0.9810388587567959,
   0.09495669434342571,
   0.16895556755707197,
   -3.4051693349312075
  ],
  [
   -0.11252208561972674,
   -0.4307306619042846,
   0.8954383714936968,
   -18.49336761523912
  ],
  [
   0.1578022111915735,
   -0.8974710708958066,
   -0.4118787916950616,
   28.26679758071559
  ]
 ]
}