{
 "templeR0032": [
  [
   1.0,
   0.0,
   0.0,
   0.0
  ],
  [
   0.0,
   1.0,
   0.0,
   0.0
  ],
  [
   0.0,
   0.0,
   1.0,
   0.0
  ]
 ],
 "templeR0047": [
  [
   0.9999209260556874,
   -0.003938923868438304,
   -0.011942634328128516,
   0.23278936594966737
  ],
  [
   0.00336273889360883,
   0.9988470485897044,
   -0.0478880518581574,
   0.9711977691884891
  ],
  [
   0.012117492441514105,
   0.04784410520006417,
   0.9987813113862989,
   0.05083310165683244
  ]
 ],
 "templeR0033": [
  [
   0.9998747325768952,
   0.009663652321365599,
   -0.012535269366630653,
   0.24657720615139608
  ],
  [
   -0.008566563394665515,
   0.9963611232839378,
   0.08480050707380761,
   -1.7230496997389875
  ],
  [
   0.013309137683839642,
   -0.08468250015311003,
   0.9963190959837772,
   0.06393897497229947
  ]
 ],
 "templeR0034": [
  [
   -0.9524964387753171,
   -0.027757143513379903,
   -0.3032821707656356,
   5.978028645606821
  ],
  [
   -0.05201409397918022,
   -0.9663798816393018,
   0.25180241934964426,
   -4.839054988658788
  ],
  [
   -0.30007510417870975,
   0.25561585503795875,
   0.9190296330942488,
   -37.775366021275936
  ]
 ],
 "templeR0035": [
  [
   -0.9562497551614857,
   -0.04488277384120376,
   -0.28908812214602986,
   5.703792823014367
  ],
  [
   -0.05114496458424474,
   -0.9472956463693838,
   0.3162517208922154,
   -6.00249121763901
  ],
  [
   -0.2880461739917315,
   0.317201032441464,
   0.903555702027714,
   -37.55792047898456
  ]
 ],
 "templeR0036": [
  [
   -0.9555009767360961,
   -0.07050903084383989,
   -0.2864373579438071,
   5.645820139220103
  ],
  [
   -0.0472482637016867,
   -0.9218966445278972,
   0.3845441176060034,
   -7.236408838032927
  ],
  [
   -0.2911794722049309,
   0.3809659477927999,
   0.8775417150134753,
   -37.097779487012126
  ]
 ],
 "templeR0046": [
  [
   0.9994772299661678,
   -0.018653112616580748,
   -0.02640697197463749,
   0.5098745237817695
  ],
  [
   0.0132870580301933,
   0.9816024140479075,
   -0.19047350163270155,
   3.851700059584049
  ],
  [
   0.029474071114428853,
   0.1900230568247802,
   0.9813371067104861,
   0.4235549818015996
  ]
 ],
 "templeR0045": [
  [
   0.9990418295930544,
   -0.034487310339410354,
   -0.02694528064273299,
   0.5173434195033044
  ],
  [
   0.023863489273040182,
   0.9453516784226156,
   -0.3251780096858627,
   6.570528087674151
  ],
  [
   0.03668728121676418,
   0.32422342532441534,
   0.9452688579805353,
   1.1765688923330175
  ]
 ],
 "templeR0044": [
  [
   0.9986133107540367,
   -0.04832669039865716,
   -0.020880291664009856,
   0.38925728721862735
  ],
  [
   0.033671996814451634,
   0.8912217704515449,
   -0.45231620853529153,
   9.134135197418036
  ],
  [
   0.040467915876522986,
   0.4509859053987454,
   0.8916131789718479,
   2.2764547556661725
  ]
 ],
 "templeR0037": [
  [
   -0.9610523208969727,
   -0.08543153631777106,
   -0.26283053304539733,
   5.182110055410195
  ],
  [
   -0.04933995346737255,
   -0.8827041519722627,
   0.4673317334429218,
   -8.75717613573987
  ],
  [
   -0.27192647074233106,
   0.46209829332439,
   0.8441096858917724,
   -36.47584645326785
  ]
 ],
 "templeR0038": [
  [
   -0.9632329010831332,
   -0.10558812979858019,
   -0.24704964099672166,
   4.875702025186824
  ],
  [
   -0.05164043720293711,
   -0.8296279986304846,
   0.5559232403253762,
   -10.395453239013655
  ],
  [
   -0.26365819448001304,
   0.5482413070300474,
   0.7936723667543965,
   -35.52523439609444
  ]
 ],
 "templeR0043": [
  [
   0.9978097928004668,
   -0.06451268512332452,
   -0.014619536575021172,
   0.2603204087107402
  ],
  [
   0.04495661120031127,
   0.8234973098338767,
   -0.5655361030082449,
   11.413718840472493
  ],
  [
   0.04852340157979082,
   0.5636402169421082,
   0.8245939517996597,
   3.687470485076913
  ]
 ],
 "templeR0039": [
  [
   -0.9664479323079633,
   -0.12049754989114625,
   -0.2268451776165696,
   4.4859962009497725
  ],
  [
   -0.0557367803992464,
   -0.7637185562263357,
   0.6431386928076148,
   -12.010795829249496
  ],
  [
   -0.25074250825974537,
   0.6342036797006085,
   0.7313780740532354,
   -34.341140123490646
  ]
 ],
 "templeR0042": [
  [
   0.9970569092999404,
   -0.07660613227658677,
   -0.003003350607679242,
   0.021106356776784685
  ],
  [
   0.05519005819234407,
   0.744407520367579,
   -0.6654408321533315,
   13.422775953171278
  ],
  [
   0.053212565188837053,
   0.6633166243339713,
   0.7464445584155659,
   5.281386938848685
  ]
 ],
 "templeR0013": [
  [
   -0.9954408613782285,
   0.09505814050588164,
   0.0078384578926287,
   0.22043352669470914
  ],
  [
   -0.06246645102897476,
   -0.7118296057099223,
   0.6995688350196151,
   -14.53454519295183
  ],
  [
   0.0720793590039142,
   0.6958897630791968,
   0.714522220541226,
   5.944477261123336
  ]
 ],
 "templeR0014": [
  [
   -0.9942791992837073,
   0.10652837437278313,
   -0.007783272142351527,
   0.5387274208500751
  ],
  [
   -0.07215036136746923,
   -0.616106094724401,
   0.7843517102665047,
   -16.237712841946106
  ],
  [
   0.07876039122740151,
   0.7804261563382788,
   0.6202675352432753,
   7.865763611948159
  ]
 ],
 "templeR0015": [
  [
   -0.9927725767352855,
   0.11725305746843986,
   -0.025579902202400844,
   0.9075725786455971
  ],
  [
   -0.08232932392012732,
   -0.5103242279460527,
   0.856032163411002,
   -17.674577958309172
  ],
  [
   0.08731834460888735,
   0.851951232692088,
   0.5162892636973926,
   10.055696767493524
  ]
 ],
 "templeR0016": [
  [
   -0.9912360922124775,
   0.12391288963233368,
   -0.04578870251821873,
   1.3153285134102322
  ],
  [
   -0.09135432031429466,
   -0.39261404933477595,
   0.9151549576027348,
   -18.853726241592906
  ],
  [
   0.09542220734844739,
   0.9113176197396357,
   0.400493193820862,
   12.431544539337565
  ]
 ],
 "templeR0017": [
  [
   -0.9889234536687832,
   0.13484744135638976,
   -0.06202072511218225,
   1.6531521567136978
  ],
  [
   -0.0973404155784512,
   -0.2737707410370911,
   0.9568565330534232,
   -19.684371489006846
  ],
  [
   0.11205019535378001,
   0.9522949904896262,
   0.28386441272118434,
   14.805061924304944
  ]
 ],
 "templeR0018": [
  [
   -0.9891551646100949,
   0.1241710225602904,
   -0.07844499653584007,
   1.9711467310061734
  ],
  [
   -0.09974670954998376,
   -0.1758895445854799,
   0.9793433831090419,
   -20.15081290752102
  ],
  [
   0.10780841460260553,
   0.9765471956141414,
   0.18636770234949074,
   16.798280066251223
  ]
 ],
 "templeR0019": [
  [
   -0.9869178687698714,
   0.13060058751404063,
   -0.09453362811043622,
   2.301346567950568
  ],
  [
   -0.10354253197914447,
   -0.06399098838235706,
   0.9925644046998647,
   -20.41386601582536
  ],
  [
   0.12358019410116933,
   0.989367798114956,
   0.07667656538396095,
   19.00964976902212
  ]
 ],
 "templeR0020": [
  [
   -0.9856564562376982,
   0.12510712532322563,
   -0.11326763646470836,
   2.6777360782230675
  ],
  [
   -0.10673694281452618,
   0.05774662542162268,
   0.9926089624273111,
   -20.398467804756336
  ],
  [
   0.13072327763467065,
   0.990461273571952,
   -0.04356478209144776,
   21.483400934266914
  ]
 ],
 "templeR0021": [
  [
   -0.9841272575885603,
   0.1191656369823304,
   -0.13150320085007342,
   3.0459974846315667
  ],
  [
   -0.10827474378131147,
   0.18392167277391058,
   0.9769592612505077,
   -20.057504927981135
  ],
  [
   0.14060626134817275,
   0.975690713928672,
   -0.1680997026262906,
   24.040953196621242
  ]
 ],
 "templeR0022": [
  [
   -0.9793791019446632,
   0.13058475471643236,
   -0.15415640275289988,
   3.523096674372977
  ],
  [
   -0.11014766568325444,
   0.29452489390931125,
   0.9492747645504114,
   -19.481942478301853
  ],
  [
   0.16936371045355347,
   0.9466798343174729,
   -0.27406792019141335,
   26.17241253005436
  ]
 ],
 "templeR0023": [
  [
   -0.9826143027729307,
   0.09271988793987049,
   -0.16084823395513312,
   3.61670325933666
  ],
  [
   -0.11763714876814549,
   0.35932297726342743,
   0.9257691392783882,
   -19.070372821172402
  ],
  [
   0.14363367716440525,
   0.9285957249476031,
   -0.34216859352264795,
   27.620228644026962
  ]
 ],
 "templeR0024": [
  [
   -0.9784538077489331,
   0.09092718349745814,
   -0.1853655669287943,
   4.126138118744571
  ],
  [
   -0.1256616862456812,
   0.4500988287955695,
   0.8840928599003325,
   -18.2466116017096
  ],
  [
   0.1638208982746271,
   0.8883373748852833,
   -0.42897484969449884,
   29.404632309423448
  ]
 ],
 "templeR0025": [
  [
   -0.976098336989051,
   0.07406265764382954,
   -0.20432023705434077,
   4.503287583314228
  ],
  [
   -0.13329407156070505,
   0.5385330623449563,
   0.8319944899145264,
   -17.2051745188723
  ],
  [
   0.17165292602801374,
   0.8393431142888446,
   -0.5157891133805802,
   31.220011767377855
  ]
 ],
 "templeR0026": [
  [
   -0.9748870502449408,
   0.050568627977945105,
   -0.216882579127846,
   4.756678417529839
  ],
  [
   -0.13941510099160104,
   0.6208537581890675,
   0.7714298675563532,
   -15.993880008419342
  ],
  [
   0.1736625143207937,
   0.7822936947252862,
   -0.598212258577874,
   33.093605695933654
  ]
 ],
 "templeR0027": [
  [
   -0.9695521222503292,
   0.03587660323431585,
   -0.24224275341122228,
   5.299770485279242
  ],
  [
   -0.14874663051022521,
   0.6995350101288647,
   0.6989457843895076,
   -14.540002314786513
  ],
  [
   0.19453308755000345,
   0.7136971619282068,
   -0.6728991298135893,
   34.79765763006053
  ]
 ],
 "templeR0028": [
  [
   -0.964084619140777,
   0.02015474954812324,
   -0.2648294417296444,
   5.75853189074267
  ],
  [
   -0.15587912201536291,
   0.764383595390996,
   0.6256352119381173,
   -13.067259123933187
  ],
  [
   0.2150408018397957,
   0.6444466658830549,
   -0.7337887627759857,
   36.033019722675824
  ]
 ],
 "templeR0029": [
  [
   -0.9583742696295373,
   0.0044622277833017004,
   -0.285480030536745,
   6.1796685487941785
  ],
  [
   -0.1610351907113446,
   0.8172145574126587,
   0.5533787441756267,
   -11.618033746816591
  ],
  [
   0.23576773881218738,
   0.576316280939592,
   -0.7824788288889006,
   36.94491936949285
  ]
 ],
 "templeR0001": [
  [
   -0.9516228126176981,
   -0.012096203308888137,
   -0.30703046163384395,
   6.640793373308874
  ],
  [
   -0.16515341049864385,
   0.8627529198883105,
   0.47789303219952883,
   -10.104201176640855
  ],
  [
   0.2591107359918684,
   0.5054810392979182,
   -0.8230130894487939,
   37.920719617920255
  ]
 ],
 "templeR0030": [
  [
   -0.9523926798656658,
   -0.012806977583306664,
   -0.3046049321062877,
   6.582520206526757
  ],
  [
   -0.1651361490651183,
   0.8615299923361643,
   0.48010011932636637,
   -10.149796897469036
  ],
  [
   0.2562776533571324,
   0.5075451247233381,
   -0.8226297531449568,
   37.84094767024046
  ]
 ],
 "templeR0031": [
  [
   -0.9674201402710564,
   -0.026261359673395393,
   -0.25181066932525714,
   5.416500166694999
  ],
  [
   -0.1323113677921492,
   0.9004180827229455,
   0.414416430970715,
   -8.756934591224937
  ],
  [
   0.21585174113474287,
   0.4342322158634011,
   -0.8745572643088962,
   38.17275586943947
  ]
 ],
 "templeR0002": [
  [
   -0.950195942934894,
   -0.005954345327767563,
   -0.3115962384268871,
   6.704060289280598
  ],
  [
   -0.16390979680301979,
   0.8599164331777267,
   0.48340180643320835,
   -10.19427481979386
  ],
  [
   0.2650683846520753,
   0.5104001114053699,
   -0.8180650816012902,
   37.46977138186591
  ]
 ],
 "templeR0003": [
  [
   -0.9777284549733142,
   -0.13834095391823814,
   -0.15782537439996075,
   3.465298728705445
  ],
  [
   -0.20259207139560298,
   0.8184904268804325,
   0.5376149865030975,
   -11.38765743375989
  ],
  [
   0.054804387991608756,
   0.5576156396426473,
   -0.8282881608973935,
   36.41023120714407
  ]
 ],
 "templeR0004": [
  [
   -0.861092148476893,
   0.1846237716239709,
   -0.47374505251536775,
   9.963818982270853
  ],
  [
   -0.24132428425640232,
   0.671706394199353,
   0.7004092445276828,
   -14.75652120045698
  ],
  [
   0.4475297773998775,
   0.7174430869017028,
   -0.5338469025829149,
   30.509139689351557
  ]
 ],
 "templeR0005": [
  [
   -0.937444406513048,
   -0.0013091671079785566,
   -0.3481325477154968,
   7.40112161148188
  ],
  [
   -0.1504763436357353,
   0.9032780886748175,
   0.40180289263019087,
   -8.549299813830995
  ],
  [
   0.31393447517502654,
   0.4290535870977563,
   -0.8469699904336213,
   37.573642306240465
  ]
 ],
 "templeR0012": [
  [
   0.9657586500664812,
   0.15218393578668374,
   0.2101196790170839,
   -4.510438922601706
  ],
  [
   0.0696711978868221,
   0.6280131440890839,
   -0.7750776832268871,
   14.892703044690467
  ],
  [
   -0.24991229262840015,
   0.763177266786569,
   0.5959062891540908,
   -31.683906206666332
  ]
 ],
 "templeR0011": [
  [
   0.9689094789279447,
   0.16291460854720474,
   0.18620755077463907,
   -4.046831809422485
  ],
  [
   0.07198350267201906,
   0.5344343583185193,
   -0.8421391167685658,
   16.131858200768377
  ],
  [
   -0.23671247746294694,
   0.8293604445418069,
   0.5060913514799182,
   -30.023542975996676
  ]
 ],
 "templeR0010": [
  [
   0.9712199203521794,
   0.17281005699380844,
   0.16391629117602421,
   -3.624201117602382
  ],
  [
   0.07480912141941229,
   0.43204876505988377,
   -0.898742154326081,
   17.17429799952859
  ],
  [
   -0.2261315140876258,
   0.8851387172709293,
   0.4066865986535724,
   -28.16177181154702
  ]
 ],
 "templeR0009": [
  [
   0.9724395529156236,
   0.18422194371302633,
   0.14291113105652878,
   -3.2298952337660163
  ],
  [
   0.07710684854127539,
   0.3243540466661644,
   -0.942787879811422,
   17.980093198771346
  ],
  [
   -0.22003601939976694,
   0.9278236512753262,
   0.3012099306145586,
   -26.17092606053592
  ]
 ],
 "templeR0008": [
  [
   0.9732566561156595,
   0.19513193006344498,
   0.12122298130420348,
   -2.8249021471136198
  ],
  [
   0.07867372013633128,
   0.2126560088713488,
   -0.9739547564701446,
   18.54395468631767
  ],
  [
   -0.21582846681212994,
   0.9574450123952932,
   0.1916171212415574,
   -24.125387398447142
  ]
 ],
 "templeR0007": [
  [
   -0.9918217430819777,
   -0.0754800551024794,
   -0.1029193433303679,
   2.2672039992215187
  ],
  [
   -0.08912217824765847,
   -0.16764663215358444,
   0.9818104929526642,
   -18.512105047247964
  ],
  [
   -0.0913611914010542,
   0.9829533905579081,
   0.15954862799940517,
   13.975672183970337
  ]
 ],
 "templeR0006": [
  [
   -0.9932488425322238,
   -0.10489780220753575,
   -0.04952966687175005,
   1.2871955095618066
  ],
  [
   -0.041492527164499034,
   -0.07746259127942146,
   0.9961314758312684,
   -18.817182737879694
  ],
  [
   -0.10832869886554132,
   0.9914615464274478,
   0.07258715422023976,
   15.82061946008631
  ]
 ],
 "templeR0040": [
  [
   0.9913154402661576,
   0.12858957999278517,
   0.027539386470888216,
   -0.606695794880901
  ],
  [
   0.025571082361882373,
   0.016933119559126655,
   -0.9995295839587931,
   18.529021177955812
  ],
  [
   -0.12899541711532106,
   0.9915533215008033,
   0.013497888129959753,
   16.784494307437296
  ]
 ],
 "templeR0041": [
  [
   0.9898395832206152,
   0.14054212045947592,
   -0.021575724006241172,
   0.3105410576484014
  ],
  [
   -0.013059117396674785,
   -0.06124108407253414,
   -0.9980375689694455,
   18.52063002109484
  ],
  [
   -0.14158763696897833,
   0.9881788512199475,
   -0.05878349308407793,
   18.220310316916912
  ]
 ]
}